-textures
0: resources/textures/pack/block/sandstone.png
1: resources/textures/white_wool.png
2: resources/textures/acacia_log.png

-blocks
0: 0
1: 1
2: 2

-size
height: 42
width: 100

-player
spawn: 2 15

-map
: 2222 22  222 222  2  22  222   222 222   222  222 222                                               
:  2 2 2 2 2   2 2 2 2 2 2 2      2  2 2    2 2  2  2                                                 
:  222 22  22  222 222 22  22     2  2 2    2 2  2  22                                                
:  2   2 2 2   2   2 2 2 2 2      2  2 2    2 2  2  2                                                 
:  2   2 2 222 2   2 2 2 2 222    2  222    22  222 222                                               
:                                                                                                     
:                                                                                                     
:                                                                                                     
:                                                                                                     
:                                                                                                     
:                                                                                                     
:                                                                                                     
: 00 00000000000000000000000000000000000000000000000000000                                            
: 0                                              0       0                                            
: 0                                              000000  0                                            
: 0                                              0       0                                            
: 000000000000 000000000000000000000000000000 0000       0                                            
: 0    0 0   0 0                            0          2 0                                            
: 0 0 00   0 0 0000                         0      0     0                                            
: 0 0    000 0    0                         00000000   2 0                                            
: 1 0 0  0   0 00 000                    0000            0                                            
: 000 000 0000 00   0                    0             2 0                                            
: 0     0 0     0 000                    0               0                                            
: 0 000     0 0   0                      00000000000000000                                            
: 000 0000000000000                                      0                                            
:                                                        0                                            
:                                                        0                                            
:                                                        0                                            
:                                                        0                                            
:                                                        0                                            
:                                                        0                                            
:                                                        0                                            
:                                                        0                                            
:                                                        0                                            
:                                                        0                                            
:                                                        0                                            
:                                                        0                                            
:                                                        0                                            
:                                                        0                                            
:                                                        0                                            
:                                                        0                                            
:                                                        000000000000000000000000000000000000000000000

